lastAccountName: Colli_x3
timestamps:
  login: 1606368534055
  jail: 0
  logout: 1606370503389
ipAddress: 10.1.76.1
jailed: false
lastlocation:
  world: world
  x: 5009.28430222386
  y: 64.0
  z: 5123.248918908956
  yaw: 151.65846
  pitch: 5.404628
logoutlocation:
  world: world
  x: 4697.699999988079
  y: 69.0
  z: 4872.802186273324
  yaw: -27.197205
  pitch: -57.55035
