lastAccountName: saltties
timestamps:
  login: 1606530271764
  logout: 1606530326720
ipAddress: 10.1.76.1
logoutlocation:
  world: world
  x: 5021.622121231486
  y: 5.0
  z: 5530.84197864355
  yaw: -18.081402
  pitch: 23.549433
lastlocation:
  world: world
  x: 5117.990201021466
  y: 11.75099998140335
  z: 5211.360903436493
  yaw: 0.43170166
  pitch: 79.649895
