lastAccountName: kittytechie
timestamps:
  login: 1606603759182
  logout: 1606603874094
  jail: 0
ipAddress: 10.1.76.1
lastlocation:
  world: world
  x: 4660.795808081321
  y: 78.0
  z: 4739.345837353688
  yaw: -80.5448
  pitch: 29.250072
logoutlocation:
  world: world
  x: 4701.115622974686
  y: 69.0
  z: 4871.198575874922
  yaw: -317.9215
  pitch: 33.000206
jailed: false
