lastAccountName: loier3600
timestamps:
  login: 1606459596169
  logout: 1606464174976
ipAddress: 10.1.76.1
logoutlocation:
  world: world
  x: 4533.242368503989
  y: 67.0
  z: 5004.654290615356
  yaw: 123.15918
  pitch: 34.94986
