lastAccountName: UsualSpace
timestamps:
  login: 1606534229254
  logout: 1606534412198
  jail: 0
ipAddress: 10.1.76.1
logoutlocation:
  world: world
  x: 5040.64700675338
  y: 67.0
  z: 5111.149185913388
  yaw: -283.74133
  pitch: 13.949832
lastlocation:
  world: world
  x: 5052.837469580093
  y: 67.0
  z: 5121.3945572734
  yaw: -92.49185
  pitch: 53.699566
jailed: false
