lastAccountName: CoolAs_aFish
timestamps:
  login: 1606263122979
  logout: 1606264929928
ipAddress: 10.1.76.1
logoutlocation:
  world: world
  x: 5234.493640281671
  y: 63.0
  z: 5210.3313779258615
  yaw: 193.9497
  pitch: 11.400074
