lastAccountName: DVATheShiba
timestamps:
  login: 1606532396359
  logout: 1606533105535
ipAddress: 10.1.76.1
logoutlocation:
  world: world
  x: 4732.699999988079
  y: 76.0
  z: 4787.901829422404
  yaw: -275.3684
  pitch: 14.700301
