lastAccountName: KomotoseKomo
timestamps:
  login: 1606534383748
  logout: 1606534412213
ipAddress: 10.1.76.1
lastlocation:
  world: world
  x: 4452.5066285890325
  y: 77.5753455594904
  z: 4910.505690251708
  yaw: -132.32324
  pitch: 7.800331
