lastAccountName: magictunneler
timestamps:
  login: 1606424330073
  logout: 1606424358225
ipAddress: 10.1.76.1
logoutlocation:
  world: world
  x: 4977.5
  y: 63.0
  z: 4999.5
  yaw: 36.60106
  pitch: -29.400003
