lastAccountName: ArhumISpro
timestamps:
  login: 1606469028897
  logout: 1606472506809
ipAddress: 10.1.76.1
logoutlocation:
  world: world
  x: 4537.597772726982
  y: 71.0
  z: 4798.059676331631
  yaw: -273.1403
  pitch: 44.849922
