lastAccountName: Groak
timestamps:
  login: 1606534306519
  logout: 1606534412208
ipAddress: 10.1.76.1
logoutlocation:
  world: world
  x: 5097.729328301525
  y: 67.0
  z: 4772.687021141896
  yaw: -197.78564
  pitch: 33.139526
lastlocation:
  world: world
  x: 5069.585947584438
  y: 69.0
  z: 4762.704032713821
  yaw: -359.03436
  pitch: 86.63196
