lastAccountName: Groak
timestamps:
  login: 1606000698659
  logout: 1606001111828
ipAddress: 10.1.76.1
lastlocation:
  world: world
  x: -211.8255801687715
  y: 65.20000004768369
  z: -166.6936592463227
  yaw: -138.48596
  pitch: 10.302255
