lastAccountName: Groak
timestamps:
  login: 1606603026786
  logout: 1606603055314
ipAddress: 10.1.76.1
logoutlocation:
  world: world
  x: 5069.585947584438
  y: 69.0
  z: 4762.704032713821
  yaw: -35.884705
  pitch: 34.526367
lastlocation:
  world: world
  x: 5069.585947584438
  y: 69.0
  z: 4762.704032713821
  yaw: -359.03436
  pitch: 86.63196
