lastAccountName: kavcat
timestamps:
  login: 1606276244938
  logout: 1606276988792
ipAddress: 10.1.76.1
logoutlocation:
  world: world
  x: 5013.080005769467
  y: 63.0
  z: 4996.127156342148
  yaw: 7.140564
  pitch: 8.738805
