lastAccountName: GuillermoS_
timestamps:
  login: 1606001834442
  logout: 1606002328680
ipAddress: 10.1.76.1
lastlocation:
  world: world
  x: -192.2150544194822
  y: 83.7531999805212
  z: -121.42299731070494
  yaw: 33.822388
  pitch: 35.06704
