lastAccountName: GuillermoS_
timestamps:
  login: 1606181860876
  logout: 1606181654381
  lastteleport: 1606162523532
ipAddress: 10.1.76.1
afk: false
homes:
  home:
    world: world
    x: 4956.957147866437
    y: 54.0
    z: 4822.309553855422
    yaw: 17.232054
    pitch: 35.300224
lastlocation:
  world: world
  x: 4956.050515123238
  y: 54.0
  z: 4807.471894824802
  yaw: 12.270296
  pitch: 35.89337
logoutlocation:
  world: world_nether
  x: 691.7839313406267
  y: 48.0
  z: 576.5633539921753
  yaw: -278.3911
  pitch: 17.869633
