lastAccountName: GuillermoS_
timestamps:
  login: 1606151925639
  logout: 1606153891270
  lastteleport: 1606153821105
ipAddress: 10.1.76.1
afk: false
homes:
  home:
    world: world
    x: 4956.957147866437
    y: 54.0
    z: 4822.309553855422
    yaw: 17.232054
    pitch: 35.300224
lastlocation:
  world: world
  x: 4956.947642221657
  y: 54.0
  z: 4829.17251235624
  yaw: -13.103638
  pitch: 11.1038
logoutlocation:
  world: world
  x: 4787.826197352006
  y: 63.0
  z: 4873.860902804674
  yaw: -125.13266
  pitch: 4.9511127
