lastAccountName: GuillermoS_
timestamps:
  login: 1606107920012
  logout: 1606111279952
  lastteleport: 1606096059004
ipAddress: 10.1.76.1
afk: false
homes:
  home:
    world: world
    x: 4956.957147866437
    y: 54.0
    z: 4822.309553855422
    yaw: 17.232054
    pitch: 35.300224
lastlocation:
  world: world
  x: 4975.433428274
  y: 64.5
  z: 4817.54686414709
  yaw: 89.07184
  pitch: 40.345516
logoutlocation:
  world: world
  x: 4956.388524117335
  y: 54.0
  z: 4817.835014941822
  yaw: 341.00757
  pitch: 13.626577
