lastAccountName: GuillermoS_
timestamps:
  login: 1606346391011
  logout: 1606348353611
  lastteleport: 1606347526635
ipAddress: 10.1.76.1
afk: false
homes:
  home:
    world: world
    x: 4956.957147866437
    y: 54.0
    z: 4822.309553855422
    yaw: 17.232054
    pitch: 35.300224
lastlocation:
  world: world
  x: 4994.746753939437
  y: 67.0
  z: 4794.8325295190025
  yaw: 57.057354
  pitch: 4.148637
logoutlocation:
  world: world
  x: 4962.300000011921
  y: 63.0
  z: 5118.57640243984
  yaw: 31.763994
  pitch: 35.98755
