lastAccountName: GuillermoS_
timestamps:
  login: 1606358543910
  logout: 1606362706790
  lastteleport: 1606358588369
ipAddress: 10.1.76.1
afk: false
homes:
  home:
    world: world
    x: 4956.957147866437
    y: 54.0
    z: 4822.309553855422
    yaw: 17.232054
    pitch: 35.300224
lastlocation:
  world: world
  x: 4941.766092039862
  y: 61.93233784739036
  z: 5003.46112098696
  yaw: 191.27892
  pitch: -10.341322
logoutlocation:
  world: world
  x: 4772.681232628237
  y: 65.0
  z: 5029.630455446871
  yaw: -4.9680176
  pitch: 3.4604826
