lastAccountName: GuillermoS_
timestamps:
  login: 1606534261721
  logout: 1606534412203
  lastteleport: 1606533367729
ipAddress: 10.1.76.1
afk: false
homes:
  home:
    world: world
    x: 4956.957147866437
    y: 54.0
    z: 4822.309553855422
    yaw: 17.232054
    pitch: 35.300224
lastlocation:
  world: world
  x: 5217.458452438811
  y: 62.07326315881096
  z: 4771.257161818391
  yaw: -227.03633
  pitch: 9.269243
logoutlocation:
  world: world
  x: 4955.849730105678
  y: 54.0
  z: 4826.6858518510635
  yaw: 177.427
  pitch: 17.295702
