lastAccountName: GuillermoS_
timestamps:
  login: 1606000767183
  logout: 1606001111824
ipAddress: 10.1.76.1
lastlocation:
  world: world
  x: -180.4319201660418
  y: 63.0
  z: -172.5705248717651
  yaw: 202.1347
  pitch: 69.243286
