lastAccountName: GuillermoS_
timestamps:
  login: 1606016599772
  logout: 1606019278101
ipAddress: 10.1.76.1
lastlocation:
  world: world
  x: 4707.081725281542
  y: 69.7531999805212
  z: 4861.54444141471
  yaw: 59.748955
  pitch: 32.54794
logoutlocation:
  world: world
  x: 4949.322203071112
  y: 54.5625
  z: 4799.950451684319
  yaw: -173.11952
  pitch: 15.710201
