lastAccountName: Knight_Sparrow
timestamps:
  login: 1606113261680
  logout: 1606113277304
ipAddress: 10.1.76.1
lastlocation:
  world: world
  x: 4975.129833918975
  y: 63.0
  z: 5000.582246268467
  yaw: 139.04916
  pitch: 9.1501045
logoutlocation:
  world: world
  x: 4708.840020713335
  y: 63.0
  z: 4917.7856119786065
  yaw: -34.79564
  pitch: 17.850143
