lastAccountName: Knight_Sparrow
timestamps:
  login: 1606451664596
  logout: 1606452950480
ipAddress: 10.1.76.1
lastlocation:
  world: world
  x: 4975.129833918975
  y: 63.0
  z: 5000.582246268467
  yaw: 139.04916
  pitch: 9.1501045
logoutlocation:
  world: world
  x: 5037.1653824614405
  y: 69.0
  z: 4933.699999988079
  yaw: -237.74487
  pitch: 13.49997
