lastAccountName: Knight_Sparrow
timestamps:
  login: 1606024929848
  logout: 1606025117444
ipAddress: 10.1.76.1
logoutlocation:
  world: world
  x: 4996.318354250015
  y: 74.0
  z: 5090.361070458924
  yaw: -7.3693833
  pitch: 18.750013
