lastAccountName: Knight_Sparrow
timestamps:
  login: 1606373591037
  logout: 1606375683467
ipAddress: 10.1.76.1
lastlocation:
  world: world
  x: 4975.129833918975
  y: 63.0
  z: 5000.582246268467
  yaw: 139.04916
  pitch: 9.1501045
logoutlocation:
  world: world
  x: 4985.906182158431
  y: 67.0
  z: 5026.444398457817
  yaw: -9.151123
  pitch: 38.40004
