lastAccountName: Knight_Sparrow
timestamps:
  login: 1606284177454
  logout: 1606285957847
ipAddress: 10.1.76.1
lastlocation:
  world: world
  x: 4975.129833918975
  y: 63.0
  z: 5000.582246268467
  yaw: 139.04916
  pitch: 9.1501045
logoutlocation:
  world: world
  x: 4964.5
  y: 63.0
  z: 4994.5
  yaw: -2.7000005
  pitch: 0.90000015
