lastAccountName: pyxld_kris
timestamps:
  login: 1606604977630
  logout: 1606604977360
  lastteleport: 1606530557729
ipAddress: 10.1.76.1
lastlocation:
  world: world
  x: 4806.029570539853
  y: 65.0
  z: 4833.8721636974815
  yaw: -273.00104
  pitch: -2.2500525
logoutlocation:
  world: world
  x: 4808.9646517706005
  y: 63.0
  z: 4848.293154100958
  yaw: -82.94934
  pitch: 8.699873
afk: false
