lastAccountName: pyxld_kris
timestamps:
  login: 1606344754214
  logout: 1606350679235
  lastteleport: 1606185234923
ipAddress: 10.1.76.1
lastlocation:
  world: world
  x: 4556.498173176833
  y: 72.0
  z: 4938.466117956151
  yaw: -119.548416
  pitch: 4.9498706
logoutlocation:
  world: world
  x: 4999.18207330576
  y: 62.9375
  z: 5036.99985818906
  yaw: -258.91266
  pitch: 1.0501482
afk: false
