lastAccountName: pyxld_kris
timestamps:
  login: 1606181717577
  logout: 1606181773302
  lastteleport: 1606113119839
ipAddress: 10.1.76.1
lastlocation:
  world: world
  x: 4574.257242179962
  y: 69.0
  z: 4963.435279177989
  yaw: 220.79993
  pitch: 3.6000605
logoutlocation:
  world: world
  x: 4575.967486644182
  y: 71.0
  z: 4946.735053773895
  yaw: -236.09897
  pitch: 5.2498665
afk: false
