lastAccountName: pyxld_kris
timestamps:
  login: 1606017014611
  logout: 1606028094537
ipAddress: 10.1.76.1
logoutlocation:
  world: world
  x: 4778.008108567053
  y: 63.0
  z: 4859.928493514462
  yaw: -218.01123
  pitch: -5.2501106
lastlocation:
  world: world
  x: 4768.847344084007
  y: 64.0
  z: 4861.795488732234
  yaw: -26.047533
  pitch: 14.699934
