lastAccountName: pyxld_kris
timestamps:
  login: 1606112651617
  logout: 1606116245082
  lastteleport: 1606113119839
ipAddress: 10.1.76.1
lastlocation:
  world: world
  x: 4574.257242179962
  y: 69.0
  z: 4963.435279177989
  yaw: 220.79993
  pitch: 3.6000605
logoutlocation:
  world: world
  x: 4579.104744913458
  y: 71.0
  z: 4946.7852179371885
  yaw: -149.84937
  pitch: 21.149834
afk: false
