lastAccountName: pyxld_kris
timestamps:
  login: 1606000805262
  logout: 1606001111826
ipAddress: 10.1.76.1
lastlocation:
  world: world
  x: -185.1467113458504
  y: 63.0
  z: -177.57624200284317
  yaw: 336.30505
  pitch: 6.450075
logoutlocation:
  world: world
  x: -130.38473393440034
  y: 80.0
  z: -138.21003955427278
  yaw: 132.00082
  pitch: 8.249968
