lastAccountName: pyxld_kris
timestamps:
  login: 1606603689789
  logout: 0
  lastteleport: 1606530557729
ipAddress: 10.1.76.1
lastlocation:
  world: world
  x: 4805.910827253577
  y: 63.0
  z: 4836.603124433087
  yaw: 65.09906
  pitch: 4.800012
logoutlocation:
  world: world
  x: 4808.9646517706005
  y: 63.0
  z: 4848.293154100958
  yaw: -82.94934
  pitch: 8.699873
afk: false
