lastAccountName: pyxld_kris
timestamps:
  login: 1606001854653
  logout: 1606002328682
ipAddress: 10.1.76.1
lastlocation:
  world: world
  x: -185.6360978825601
  y: 83.25220334025373
  z: -120.65688018752219
  yaw: -276.14355
  pitch: 1.7999122
logoutlocation:
  world: world
  x: -130.38473393440034
  y: 80.0
  z: -138.21003955427278
  yaw: 132.00082
  pitch: 8.249968
