lastAccountName: pyxld_kris
timestamps:
  login: 1606710693099
  logout: 1606715349272
  lastteleport: 1606530557729
ipAddress: 10.1.76.1
lastlocation:
  world: world
  x: 4611.699999988079
  y: 64.20000004768372
  z: 5175.364255252826
  yaw: 318.4445
  pitch: 7.0499897
logoutlocation:
  world: world
  x: 4786.932970327117
  y: 70.0
  z: 4826.8049101007855
  yaw: -288.0681
  pitch: 3.5997965
afk: false
