lastAccountName: pyxld_kris
timestamps:
  login: 1606420937789
  logout: 1606421482923
  lastteleport: 1606417720261
ipAddress: 10.1.76.1
lastlocation:
  world: world
  x: 4763.896347054617
  y: 63.0
  z: 4886.890719020389
  yaw: 250.49506
  pitch: 18.000036
logoutlocation:
  world: world
  x: 4786.903285841066
  y: 63.0
  z: 4871.150637006116
  yaw: -207.29962
  pitch: 17.999826
afk: false
