lastAccountName: seesta
timestamps:
  login: 1606156826343
  logout: 1606157146738
ipAddress: 10.1.76.1
logoutlocation:
  world: world
  x: 4935.674250869678
  y: 64.0
  z: 5130.106041151726
  yaw: 184.79878
  pitch: 13.199935
lastlocation:
  world: world
  x: 4991.660904251507
  y: 63.0
  z: 5050.562073962497
  yaw: -121.371796
  pitch: 15.150252
