lastAccountName: seesta
timestamps:
  login: 1606068493040
  logout: 1606069551415
ipAddress: 10.1.76.1
logoutlocation:
  world: world
  x: 4920.629946521414
  y: 12.0
  z: 4212.200763414532
  yaw: -271.62793
  pitch: -5.249725
