lastAccountName: seesta
timestamps:
  login: 1606100865604
  logout: 1606101040686
ipAddress: 10.1.76.1
logoutlocation:
  world: world
  x: 4799.29354704173
  y: 63.0
  z: 4849.885624414325
  yaw: -166.19678
  pitch: 1.049564
lastlocation:
  world: world
  x: 4750.945920038995
  y: 68.0
  z: 4831.024608050397
  yaw: 314.09314
  pitch: 30.750013
