lastAccountName: saltties
timestamps:
  login: 1606426327494
  logout: 1606426685274
ipAddress: 10.1.76.1
logoutlocation:
  world: world
  x: 5228.287416650379
  y: 70.0
  z: 5316.052008576497
  yaw: -275.1012
  pitch: 44.699783
lastlocation:
  world: world
  x: 5117.990201021466
  y: 11.75099998140335
  z: 5211.360903436493
  yaw: 0.43170166
  pitch: 79.649895
