lastAccountName: SirPineappleIII
timestamps:
  login: 1606358629760
  logout: 1606359933463
ipAddress: 10.1.76.1
logoutlocation:
  world: world
  x: 5005.559666615422
  y: 63.0
  z: 5042.631274294893
  yaw: -178.00165
  pitch: 16.94434
lastlocation:
  world: world
  x: 4852.156615130329
  y: 67.25220334025373
  z: 4743.564763372211
  yaw: -205.959
  pitch: 7.977497
