lastAccountName: SirPineappleIII
timestamps:
  login: 1606443554553
  logout: 1606444976327
ipAddress: 10.1.76.1
logoutlocation:
  world: world
  x: 4713.537919324347
  y: 69.0
  z: 4757.770176718341
  yaw: 324.78296
  pitch: 7.4694595
lastlocation:
  world: world
  x: 4852.156615130329
  y: 67.25220334025373
  z: 4743.564763372211
  yaw: -205.959
  pitch: 7.977497
