lastAccountName: SirPineappleIII
timestamps:
  login: 1606093730533
  logout: 1606095059216
ipAddress: 10.1.76.1
logoutlocation:
  world: world_nether
  x: 4971.343185917383
  y: 77.0
  z: 4994.539720133988
  yaw: 210.2619
  pitch: -24.840803
lastlocation:
  world: world
  x: 4981.331766618953
  y: 66.0
  z: 4830.303148197575
  yaw: -0.41469103
  pitch: 19.504917
