lastAccountName: SirPineappleIII
timestamps:
  login: 1606068243680
  logout: 1606070759935
ipAddress: 10.1.76.1
logoutlocation:
  world: world
  x: 4820.463228393053
  y: 10.0
  z: 4661.699999988079
  yaw: -19.083618
  pitch: 26.005642
