lastAccountName: SirPineappleIII
timestamps:
  login: 1606169062314
  logout: 1606170404418
ipAddress: 10.1.76.1
logoutlocation:
  world: world
  x: 4820.3602743241
  y: 65.0
  z: 4714.405026540706
  yaw: 229.74413
  pitch: 21.882196
lastlocation:
  world: world
  x: 4821.363040724497
  y: 65.0
  z: 4713.739289114698
  yaw: -125.186745
  pitch: 15.024934
