lastAccountName: SirPineappleIII
timestamps:
  login: 1606343564536
  logout: 1606343728561
ipAddress: 10.1.76.1
logoutlocation:
  world: world
  x: 4684.685424423173
  y: 69.5
  z: 4859.46055598109
  yaw: 206.59192
  pitch: 23.435986
lastlocation:
  world: world
  x: 4852.156615130329
  y: 67.25220334025373
  z: 4743.564763372211
  yaw: -205.959
  pitch: 7.977497
