lastAccountName: StevoDasher101
timestamps:
  login: 1606104673823
  logout: 1606111249216
ipAddress: 10.1.76.1
logoutlocation:
  world: world
  x: 5195.626791506802
  y: 65.0
  z: 5377.300000011921
  yaw: -325.65482
  pitch: 25.649988
