lastAccountName: StevoDasher101
timestamps:
  login: 1606193180688
  logout: 1606195385106
ipAddress: 10.1.76.1
logoutlocation:
  world: world
  x: 5112.625318396003
  y: 62.07326475984172
  z: 5345.738311551021
  yaw: 145.34358
  pitch: 22.6502
