lastAccountName: StevoDasher101
timestamps:
  login: 1606012954560
  logout: 1606013511059
ipAddress: 10.1.76.1
logoutlocation:
  world: world
  x: 5195.699999988079
  y: 65.0
  z: 5377.441877817503
  yaw: 6.7677464
  pitch: 3.6005769
lastlocation:
  world: world
  x: 5119.376055882668
  y: 11.0
  z: 5412.000160748646
  yaw: -1.0462341
  pitch: 30.45123
