lastAccountName: StevoDasher101
timestamps:
  login: 1606604292413
  logout: 1606533445920
ipAddress: 10.1.76.1
logoutlocation:
  world: world
  x: 4706.937131730738
  y: 74.1595229270393
  z: 4793.907064444851
  yaw: 281.39163
  pitch: 19.350447
lastlocation:
  world: world
  x: 4730.581351363523
  y: 75.0
  z: 4787.938353095926
  yaw: 226.94415
  pitch: 26.550415
