lastAccountName: StevoDasher101
timestamps:
  login: 1606604991599
  logout: 1606605890833
ipAddress: 10.1.76.1
logoutlocation:
  world: world
  x: 4725.802951895208
  y: 82.0
  z: 4780.55101123484
  yaw: -79.79767
  pitch: 53.550476
lastlocation:
  world: world
  x: 4730.581351363523
  y: 75.0
  z: 4787.938353095926
  yaw: 226.94415
  pitch: 26.550415
