lastAccountName: Original_Auburn
timestamps:
  login: 1606718044271
  logout: 1606715339518
ipAddress: 10.1.76.1
logoutlocation:
  world: world
  x: 4261.5
  y: 63.0
  z: 5107.5
  yaw: 128.10004
  pitch: -11.1
lastlocation:
  world: world
  x: 4269.46898653117
  y: 68.0
  z: 5010.413571352626
  yaw: -191.44145
  pitch: -0.75004214
