lastAccountName: ZetoDude
timestamps:
  login: 1606018055403
  logout: 1606019116633
ipAddress: 10.1.76.1
logoutlocation:
  world: world
  x: 5005.99841204182
  y: 67.0
  z: 5039.993638016993
  yaw: 172.00488
  pitch: 44.831856
lastlocation:
  world: world
  x: 5151.766636789295
  y: 64.16610926093821
  z: 5091.7848813174605
  yaw: 344.39343
  pitch: 42.72888
