lastAccountName: LordofLightning
timestamps:
  login: 1606002277889
  logout: 1606002328689
ipAddress: 10.1.76.1
lastlocation:
  world: world
  x: -217.1800178194568
  y: 64.0
  z: -155.9219679842718
  yaw: 123.126854
  pitch: -6.899976
logoutlocation:
  world: world
  x: -219.1327650689592
  y: 64.0
  z: -158.03809035862548
  yaw: 74.07658
  pitch: 19.894505
