lastAccountName: LordofLightning
timestamps:
  login: 1606005385058
  logout: 1606006081833
ipAddress: 10.1.76.1
lastlocation:
  world: world
  x: 4943.157592026097
  y: 71.0
  z: 4898.699999988079
  yaw: -10.833573
  pitch: 23.401077
