lastAccountName: LordofLightning
timestamps:
  login: 1606000814873
  logout: 1606001111822
ipAddress: 10.1.76.1
lastlocation:
  world: world
  x: -185.69999998807907
  y: 73.0
  z: -148.65465478701822
  yaw: -206.07825
  pitch: 46.340538
