lastAccountName: kittytechie
timestamps:
  login: 1606417805846
  logout: 1606423017077
  jail: 0
ipAddress: 10.1.76.1
lastlocation:
  world: world
  x: 4660.795808081321
  y: 78.0
  z: 4739.345837353688
  yaw: -80.5448
  pitch: 29.250072
logoutlocation:
  world: world
  x: 4711.769910791652
  y: 69.0
  z: 4876.274644945357
  yaw: -219.43457
  pitch: 13.800109
jailed: false
