lastAccountName: kittytechie
timestamps:
  login: 1606101803542
  logout: 1606100500222
ipAddress: 10.1.76.1
lastlocation:
  world: world
  x: 4797.277460653385
  y: 70.17675927506424
  z: 4834.010801068521
  yaw: -302.9735
  pitch: 57.449905
logoutlocation:
  world: world
  x: 4759.126546744462
  y: 63.0
  z: 4888.603017193673
  yaw: -266.40356
  pitch: 33.60001
