lastAccountName: kittytechie
timestamps:
  login: 1606022182626
  logout: 1606028967595
ipAddress: 10.1.76.1
logoutlocation:
  world: world
  x: 4769.526045644686
  y: 63.90290000319481
  z: 4877.250069797039
  yaw: -9.829305
  pitch: 35.11833
