lastAccountName: kittytechie
timestamps:
  login: 1606603759182
  logout: 1606458354492
  jail: 0
ipAddress: 10.1.76.1
lastlocation:
  world: world
  x: 4660.795808081321
  y: 78.0
  z: 4739.345837353688
  yaw: -80.5448
  pitch: 29.250072
logoutlocation:
  world: world
  x: 4720.300000011921
  y: 68.0
  z: 4879.300000011921
  yaw: -181.42505
  pitch: 14.85103
jailed: false
