lastAccountName: kittytechie
timestamps:
  login: 1606101803542
  logout: 1606109989835
ipAddress: 10.1.76.1
lastlocation:
  world: world
  x: 4797.277460653385
  y: 70.17675927506424
  z: 4834.010801068521
  yaw: -302.9735
  pitch: 57.449905
logoutlocation:
  world: world
  x: 4555.5
  y: 80.5625
  z: 4939.5
  yaw: -168.00017
  pitch: 0.0
