lastAccountName: kittytechie
timestamps:
  login: 1606154212642
  logout: 1606157146736
ipAddress: 10.1.76.1
lastlocation:
  world: world
  x: 4705.300739047861
  y: 63.0
  z: 4918.7328310792545
  yaw: -259.03516
  pitch: 13.500092
logoutlocation:
  world: world
  x: 4679.7452510559915
  y: 63.08576314689003
  z: 4952.947076702655
  yaw: -94.28398
  pitch: 11.850075
