lastAccountName: kittytechie
timestamps:
  login: 1606339671885
  logout: 1606347225592
  jail: 0
ipAddress: 10.1.76.1
lastlocation:
  world: world
  x: 5552.207556818536
  y: 74.00133597911214
  z: 4259.395929682207
  yaw: -229.3485
  pitch: 36.299873
logoutlocation:
  world: world
  x: 4704.7522646083635
  y: 69.43717636799826
  z: 4857.668067603763
  yaw: -113.50647
  pitch: 38.099968
jailed: false
