lastAccountName: kittytechie
timestamps:
  login: 1606184035079
  logout: 1606184058366
ipAddress: 10.1.76.1
lastlocation:
  world: world
  x: 5552.207556818536
  y: 74.00133597911214
  z: 4259.395929682207
  yaw: -229.3485
  pitch: 36.299873
logoutlocation:
  world: world
  x: 5565.270281986697
  y: 63.0
  z: 4281.000188870806
  yaw: -5.0988464
  pitch: 7.649831
