lastAccountName: ShayEveryDay
timestamps:
  login: 1606012515179
  logout: 1606013511048
ipAddress: 10.1.76.1
lastlocation:
  world: world
  x: 5190.894143256911
  y: 51.0
  z: 5407.492703624688
  yaw: 93.581314
  pitch: 39.900616
logoutlocation:
  world: world
  x: 4747.370749994187
  y: 62.07326312875437
  z: 5029.985480560716
  yaw: -153.6564
  pitch: 20.249928
