lastAccountName: ShayEveryDay
timestamps:
  login: 1606116337896
  logout: 1606116422260
ipAddress: 10.1.76.1
lastlocation:
  world: world
  x: 5008.300000011921
  y: 64.41999998688698
  z: 5124.196230874766
  yaw: 88.69211
  pitch: 17.099781
afk: false
logoutlocation:
  world: world
  x: 4581.96781388144
  y: 69.0
  z: 4964.715056315924
  yaw: 14.693909
  pitch: 21.899796
