lastAccountName: ShayEveryDay
timestamps:
  login: 1606532272532
  logout: 0
ipAddress: 10.1.76.1
lastlocation:
  world: world
  x: 4735.340368774885
  y: 71.0
  z: 4778.267750070242
  yaw: -188.40283
  pitch: -4.799933
afk: false
logoutlocation:
  world: world
  x: 4856.177608393857
  y: 62.52326341949169
  z: 4987.835632894379
  yaw: -60.106804
  pitch: 2.8492703
