lastAccountName: ShayEveryDay
timestamps:
  login: 1606273145617
  logout: 1606273223242
ipAddress: 10.1.76.1
lastlocation:
  world: world
  x: 5008.300000011921
  y: 64.41999998688698
  z: 5124.196230874766
  yaw: 88.69211
  pitch: 17.099781
afk: false
logoutlocation:
  world: world
  x: 4591.96451352918
  y: 71.0
  z: 4921.024858452197
  yaw: 113.4375
  pitch: 18.300068
