lastAccountName: ZeztyZed
timestamps:
  login: 1606367982494
  logout: 1606370363757
  jail: 0
ipAddress: 10.1.76.1
logoutlocation:
  world: world
  x: 4746.616506027817
  y: 62.073264580293085
  z: 4957.560467935089
  yaw: -76.31826
  pitch: 16.05152
jailed: false
