lastAccountName: ZeztyZed
timestamps:
  login: 1606328216649
  logout: 1606333533955
ipAddress: 10.1.76.1
logoutlocation:
  world: world
  x: 5228.842599539222
  y: 63.0
  z: 5213.651274903318
  yaw: -116.66626
  pitch: 6.8999653
