lastAccountName: ZeztyZed
timestamps:
  login: 1606014303725
  logout: 1606018891912
ipAddress: 10.1.76.1
logoutlocation:
  world: world
  x: 5191.246927797004
  y: 75.0
  z: 5219.302150972742
  yaw: -102.03906
  pitch: 14.1000805
lastlocation:
  world: world
  x: 5238.166297220704
  y: 62.0
  z: 5210.707350341419
  yaw: 88.30206
  pitch: 18.75003
