lastAccountName: Hextanium
timestamps:
  login: 1606348749124
  logout: 1606348774348
ipAddress: 10.1.76.1
lastlocation:
  world: world
  x: 5029.812508180134
  y: 69.0
  z: 5106.8730866155765
  yaw: 111.19852
  pitch: 22.416069
logoutlocation:
  world: world
  x: 4970.5
  y: 63.0
  z: 5136.5
  yaw: 341.2437
  pitch: 0.0
