lastAccountName: Hextanium
timestamps:
  login: 1606098017149
  logout: 1606098179791
ipAddress: 10.1.76.1
lastlocation:
  world: world
  x: 5073.423558775866
  y: 69.0
  z: 5227.6752618375895
  yaw: 110.74048
  pitch: 13.814329
logoutlocation:
  world: world
  x: 4947.5
  y: 64.0
  z: 5130.7341310565125
  yaw: -90.0
  pitch: 0.0
