lastAccountName: Hextanium
timestamps:
  login: 1606419541739
  logout: 1606420306158
  jail: 0
ipAddress: 10.1.76.1
lastlocation:
  world: world
  x: 5164.699999988079
  y: 42.0
  z: 4718.300000011921
  yaw: 340.0924
  pitch: 45.14879
logoutlocation:
  world: world
  x: 4759.754085903743
  y: 71.0
  z: 4800.801367609193
  yaw: 49.184814
  pitch: 28.560064
jailed: false
