lastAccountName: Hextanium
timestamps:
  login: 1606006387291
  logout: 1606008643600
ipAddress: 10.1.76.1
lastlocation:
  world: world
  x: 4680.967792742781
  y: 66.0
  z: 4903.934075322274
  yaw: 95.059204
  pitch: 32.13498
logoutlocation:
  world: world
  x: 4941.981310108247
  y: 66.0
  z: 4846.548733593788
  yaw: 109.68945
  pitch: 18.279528
