lastAccountName: Hextanium
timestamps:
  login: 1606167117054
  logout: 1606167615422
ipAddress: 10.1.76.1
lastlocation:
  world: world
  x: 5029.812508180134
  y: 69.0
  z: 5106.8730866155765
  yaw: 111.19852
  pitch: 22.416069
logoutlocation:
  world: world
  x: 5003.479689929996
  y: 64.662141421027
  z: 5056.577240098942
  yaw: 0.9689026
  pitch: 38.390335
