lastAccountName: Hextanium
timestamps:
  login: 1606000722093
  logout: 1606001111830
ipAddress: 10.1.76.1
lastlocation:
  world: world
  x: -184.5397378599909
  y: 63.0
  z: -177.7415739287547
  yaw: 5.5293617
  pitch: 25.804796
