lastAccountName: Hextanium
timestamps:
  login: 1606151008402
  logout: 1606151071757
ipAddress: 10.1.76.1
lastlocation:
  world: world
  x: 5073.423558775866
  y: 69.0
  z: 5227.6752618375895
  yaw: 110.74048
  pitch: 13.814329
logoutlocation:
  world: world
  x: 4950.393138801796
  y: 64.0
  z: 5133.555550863818
  yaw: 139.50642
  pitch: 22.92807
