lastAccountName: Hextanium
timestamps:
  login: 1606001883244
  logout: 1606002328687
ipAddress: 10.1.76.1
lastlocation:
  world: world
  x: -175.74990726150057
  y: 64.17675927506424
  z: -176.90226988540994
  yaw: 282.164
  pitch: 32.246376
