lastAccountName: loier3600
timestamps:
  login: 1606112853208
  logout: 1606113965407
ipAddress: 10.1.76.1
logoutlocation:
  world: world
  x: 4554.00921692078
  y: 72.0
  z: 4934.8051363929935
  yaw: -59.256775
  pitch: 11.250058
