lastAccountName: loier3600
timestamps:
  login: 1606418654327
  logout: 1606426683473
ipAddress: 10.1.76.1
logoutlocation:
  world: world
  x: 4532.3110777999145
  y: 67.0
  z: 5004.218319389937
  yaw: 228.6006
  pitch: 11.400034
