lastAccountName: UsualSpace
timestamps:
  login: 1606367211041
  logout: 1606368782174
  jail: 0
ipAddress: 10.1.76.1
logoutlocation:
  world: world
  x: 5006.237500011921
  y: 67.0
  z: 5042.965003482282
  yaw: -136.64989
  pitch: 6.4499745
lastlocation:
  world: world
  x: 5008.036095498301
  y: 67.0
  z: 5035.847925222684
  yaw: -10.006165
  pitch: 32.10019
jailed: false
