lastAccountName: UsualSpace
timestamps:
  login: 1606707451709
  logout: 1606707857092
  jail: 0
ipAddress: 10.1.76.1
logoutlocation:
  world: world
  x: 5041.98916127456
  y: 67.0
  z: 5114.454931580045
  yaw: -273.8518
  pitch: 14.999393
lastlocation:
  world: world
  x: 5052.837469580093
  y: 67.0
  z: 5121.3945572734
  yaw: -92.49185
  pitch: 53.699566
jailed: false
