lastAccountName: UsualSpace
timestamps:
  login: 1606099475802
  logout: 1606100302024
ipAddress: 10.1.76.1
logoutlocation:
  world: world
  x: 4870.038339383652
  y: 68.0
  z: 4901.7018871774835
  yaw: -237.61908
  pitch: 27.450417
lastlocation:
  world: world
  x: 5008.036095498301
  y: 67.0
  z: 5035.847925222684
  yaw: -10.006165
  pitch: 32.10019
