lastAccountName: CoolAs_aFish
timestamps:
  login: 1606018637686
  logout: 1606018646805
ipAddress: 10.1.76.1
logoutlocation:
  world: world
  x: 5202.928803428754
  y: 63.0
  z: 5217.861451050197
  yaw: 130.64862
  pitch: 33.600273
lastlocation:
  world: world
  x: 5248.441484849407
  y: 63.0
  z: 5188.349723182131
  yaw: 352.20288
  pitch: 26.250065
