lastAccountName: justapiccplayer
timestamps:
  login: 1606172215551
  logout: 1606178432932
ipAddress: 10.1.76.1
logoutlocation:
  world: world
  x: 4633.5747610257695
  y: 63.0
  z: 5131.412262456279
  yaw: -224.49335
  pitch: 4.9497766
