lastAccountName: justapiccplayer
timestamps:
  login: 1606061825724
  logout: 1606069415695
ipAddress: 10.1.76.1
lastlocation:
  world: world
  x: 4613.307769861683
  y: 63.1212968405392
  z: 5133.212906228273
  yaw: -106.94287
  pitch: 26.250223
logoutlocation:
  world: world
  x: 4640.260621372017
  y: 63.0
  z: 5128.784756550873
  yaw: 7.201578
  pitch: 11.250093
