lastAccountName: justapiccplayer
timestamps:
  login: 1606605733691
  logout: 1606531239910
ipAddress: 10.1.76.1
logoutlocation:
  world: world
  x: 4637.172162106633
  y: 63.0
  z: 5124.928587093863
  yaw: 180.75012
  pitch: 17.099688
lastlocation:
  world: world
  x: 4574.662048127672
  y: 65.0
  z: 5111.705834056616
  yaw: 95.40371
  pitch: 7.799962
