lastAccountName: KomotoseKomo
timestamps:
  login: 1606705854300
  logout: 1606715334019
ipAddress: 10.1.76.1
lastlocation:
  world: world
  x: 4452.5066285890325
  y: 77.5753455594904
  z: 4910.505690251708
  yaw: -132.32324
  pitch: 7.800331
logoutlocation:
  world: world
  x: 4260.5
  y: 63.5625
  z: 5106.5
  yaw: 75.89999
  pitch: 20.55
