lastAccountName: ChuckInAllen
timestamps:
  login: 1606526215096
  logout: 1606528688434
  jail: 0
ipAddress: 10.1.76.1
lastlocation:
  world: world
  x: 4754.138439487125
  y: 77.0
  z: 4797.7207847558475
  yaw: 111.464355
  pitch: 9.29998
logoutlocation:
  world: world
  x: 4606.318273133997
  y: 71.0
  z: 4950.903638695157
  yaw: 20.29129
  pitch: 17.54968
jailed: false
