lastAccountName: ChuckInAllen
timestamps:
  login: 1606183981089
  logout: 1606184058364
ipAddress: 10.1.76.1
lastlocation:
  world: world
  x: 4772.9849770051815
  y: 64.0
  z: 5033.032946625003
  yaw: -3.4361653
  pitch: 20.549807
logoutlocation:
  world: world
  x: 4769.2271257095135
  y: 64.0
  z: 5031.772760133142
  yaw: 277.4979
  pitch: 10.799995
