lastAccountName: ChuckInAllen
timestamps:
  login: 1606103016711
  logout: 1606108093737
ipAddress: 10.1.76.1
lastlocation:
  world: world
  x: 4771.896436775697
  y: 63.5
  z: 5028.390997128787
  yaw: 271.77933
  pitch: 19.200354
logoutlocation:
  world: world
  x: 4770.19911578806
  y: 64.0
  z: 5032.283037411538
  yaw: 176.27893
  pitch: 6.7502265
