lastAccountName: ChuckInAllen
timestamps:
  login: 1606361090479
  logout: 1606363958649
  jail: 0
ipAddress: 10.1.76.1
lastlocation:
  world: world
  x: 4588.6178172010195
  y: 71.0
  z: 4936.708258339614
  yaw: 83.145386
  pitch: 12.299938
logoutlocation:
  world: world
  x: 4772.300000011921
  y: 64.0
  z: 5037.386300251077
  yaw: 63.30967
  pitch: 16.649988
jailed: false
