lastAccountName: ChuckInAllen
timestamps:
  login: 1606280629495
  logout: 1606280689345
  jail: 0
ipAddress: 10.1.76.1
lastlocation:
  world: world
  x: 4588.6178172010195
  y: 71.0
  z: 4936.708258339614
  yaw: 83.145386
  pitch: 12.299938
logoutlocation:
  world: world
  x: 4673.9205804175235
  y: 65.9375
  z: 4905.69649125428
  yaw: 182.20544
  pitch: 10.649885
jailed: false
