lastAccountName: ChuckInAllen
timestamps:
  login: 1606019368503
  logout: 1606020431352
ipAddress: 10.1.76.1
lastlocation:
  world: world
  x: 5005.528157392057
  y: 67.0
  z: 5039.415240029904
  yaw: 177.85071
  pitch: -34.04934
logoutlocation:
  world: world
  x: 4557.751001196618
  y: 72.0
  z: 4940.461014043376
  yaw: -50.213036
  pitch: 12.600246
