lastAccountName: ChuckInAllen
timestamps:
  login: 1606001867758
  logout: 1606002328685
ipAddress: 10.1.76.1
lastlocation:
  world: world
  x: -193.52571726863314
  y: 83.0
  z: -119.52510003476237
  yaw: 220.41309
  pitch: 9.601307
