lastAccountName: ChuckInAllen
timestamps:
  login: 1606103016711
  logout: 1606102873443
ipAddress: 10.1.76.1
lastlocation:
  world: world
  x: 4621.645793362615
  y: 42.0
  z: 5025.300000011921
  yaw: -278.59375
  pitch: 55.200905
logoutlocation:
  world: world
  x: 4772.926616626173
  y: 64.0
  z: 5032.266129934091
  yaw: 149.69241
  pitch: 12.899887
