lastAccountName: King_Coding
timestamps:
  login: 1606327919822
  logout: 1606332120959
  jail: 0
  lastteleport: 1606330096190
ipAddress: 10.1.76.1
lastlocation:
  world: world
  x: 4669.020246549817
  y: 67.0
  z: 4869.933056298027
  yaw: -28.547302
  pitch: 28.67303
logoutlocation:
  world: world
  x: 4677.992800269394
  y: 67.0
  z: 4887.888295261813
  yaw: -323.62
  pitch: 13.51091
jailed: false
afk: false
