lastAccountName: King_Coding
timestamps:
  login: 1606605545880
  logout: 1606606497699
  jail: 0
  lastteleport: 1606456009672
ipAddress: 10.1.76.1
lastlocation:
  world: world
  x: 4676.866347587178
  y: 67.0
  z: 4889.9037097232585
  yaw: -319.05682
  pitch: 17.521156
logoutlocation:
  world: world
  x: 4672.3475109690635
  y: 66.0
  z: 4901.945837292592
  yaw: -338.4165
  pitch: 29.948013
jailed: false
afk: false
