lastAccountName: King_Coding
timestamps:
  login: 1606068977409
  logout: 1606070515044
ipAddress: 10.1.76.1
logoutlocation:
  world: world
  x: 4515.412832833409
  y: 74.25220334025373
  z: 4766.622643013042
  yaw: -185.10071
  pitch: 14.398266
lastlocation:
  world: world
  x: 4613.1249864619895
  y: 70.7125
  z: 4950.5
  yaw: -274.53552
  pitch: 8.565777
