lastAccountName: King_Coding
timestamps:
  login: 1606148504212
  logout: 1606148542878
ipAddress: 10.1.76.1
lastlocation:
  world: world
  x: 4652.507444593304
  y: 62.7125
  z: 4949.5
  yaw: 259.79062
  pitch: 33.045998
logoutlocation:
  world: world
  x: 4677.928717486659
  y: 67.5625
  z: 4884.915912905118
  yaw: 82.5202
  pitch: 47.373695
