lastAccountName: King_Coding
timestamps:
  login: 1606503669578
  logout: 1606504776901
  jail: 0
  lastteleport: 1606456009672
ipAddress: 10.1.76.1
lastlocation:
  world: world
  x: 4676.866347587178
  y: 67.0
  z: 4889.9037097232585
  yaw: -319.05682
  pitch: 17.521156
logoutlocation:
  world: world
  x: 4678.780670062749
  y: 67.0
  z: 4884.673872521906
  yaw: -118.8267
  pitch: 61.92543
jailed: false
afk: false
