lastAccountName: King_Coding
timestamps:
  login: 1606184051228
  logout: 1606184058370
ipAddress: 10.1.76.1
lastlocation:
  world: world
  x: 4059.031933009625
  y: 74.1212968405392
  z: 4786.189082753195
  yaw: -51.190037
  pitch: 17.772802
logoutlocation:
  world: world
  x: 4049.881897806914
  y: 75.0
  z: 4768.8324890057565
  yaw: -95.69085
  pitch: 1.7359319
