lastAccountName: King_Coding
timestamps:
  login: 1606103883980
  logout: 1606103878303
ipAddress: 10.1.76.1
lastlocation:
  world: world
  x: 4652.507444593304
  y: 62.7125
  z: 4949.5
  yaw: 259.79062
  pitch: 33.045998
logoutlocation:
  world: world
  x: 4755.416826285088
  y: 63.0
  z: 4886.524097457979
  yaw: -137.02551
  pitch: 19.36921
