lastAccountName: King_Coding
timestamps:
  login: 1606422314157
  logout: 1606422800313
  jail: 0
  lastteleport: 1606330096190
ipAddress: 10.1.76.1
lastlocation:
  world: world
  x: 4654.258163055013
  y: 66.09449998587371
  z: 4861.954922816581
  yaw: -230.36823
  pitch: 53.45597
logoutlocation:
  world: world
  x: 4677.720775151006
  y: 67.5625
  z: 4885.723525428851
  yaw: -93.41522
  pitch: 52.48481
jailed: false
afk: false
