lastAccountName: King_Coding
timestamps:
  login: 1606112651207
  logout: 1606113520217
ipAddress: 10.1.76.1
lastlocation:
  world: world
  x: 4652.507444593304
  y: 62.7125
  z: 4949.5
  yaw: 259.79062
  pitch: 33.045998
logoutlocation:
  world: world
  x: 4677.468219040624
  y: 67.0
  z: 4889.343471843055
  yaw: 198.66708
  pitch: 24.810833
