lastAccountName: marsboy18
timestamps:
  login: 1606001906073
  logout: 1606002328684
ipAddress: 10.1.76.1
lastlocation:
  world: world
  x: -171.25430002437457
  y: 69.66885253813274
  z: -162.34192692882758
  yaw: -297.75
  pitch: -3.5999882
