lastAccountName: marsboy18
timestamps:
  login: 1606000684128
  logout: 1606001111820
ipAddress: 10.1.76.1
lastlocation:
  world: world
  x: -147.90922172790494
  y: 100.97619687116772
  z: -113.83685529137199
  yaw: -207.90027
  pitch: 33.90001
