lastAccountName: marsboy18
timestamps:
  login: 1606143097977
  logout: 1606143149646
ipAddress: 10.1.76.1
lastlocation:
  world: world
  x: 5062.311981444617
  y: 98.75521211142
  z: 5175.854310148567
  yaw: -240.25354
  pitch: 35.249985
afk: false
logoutlocation:
  world: world
  x: 5062.311981444617
  y: 98.75521211142
  z: 5175.854310148567
  yaw: -240.55354
  pitch: 34.049973
