lastAccountName: marsboy18
timestamps:
  login: 1606183773763
  logout: 1606184058361
  lastteleport: 1606166602989
ipAddress: 10.1.76.1
lastlocation:
  world: world
  x: 4769.9908882014215
  y: 75.86792597450953
  z: 5033.851924742266
  yaw: -359.7005
  pitch: 87.30008
afk: false
logoutlocation:
  world: world
  x: 4767.677313864211
  y: 64.0
  z: 5038.092845199118
  yaw: -288.1491
  pitch: 19.649988
