lastAccountName: marsboy18
timestamps:
  login: 1606350363904
  logout: 1606350679238
  lastteleport: 1606279363148
ipAddress: 10.1.76.1
lastlocation:
  world: world
  x: 4712.715689384228
  y: 87.50078730208985
  z: 4841.887914199786
  yaw: -131.71838
  pitch: 16.050207
afk: false
logoutlocation:
  world: world
  x: 4712.715689384228
  y: 87.50078730208985
  z: 4841.887914199786
  yaw: -131.71838
  pitch: 16.050207
