lastAccountName: marsboy18
timestamps:
  login: 1606426639287
  logout: 1606426685276
  lastteleport: 1606356326493
ipAddress: 10.1.76.1
lastlocation:
  world: world
  x: 4675.005590707631
  y: 83.0
  z: 4742.567456313155
  yaw: -103.40494
  pitch: 37.94995
afk: false
logoutlocation:
  world: world
  x: 4675.005590707631
  y: 83.0
  z: 4742.567456313155
  yaw: -119.90495
  pitch: 24.899958
