lastAccountName: MrPatro25
timestamps:
  login: 1606326631549
  logout: 1606330987864
ipAddress: 10.1.76.1
logoutlocation:
  world: world
  x: 4745.959487770561
  y: 57.0
  z: 4892.716446517288
  yaw: 18.658642
  pitch: 26.250376
lastlocation:
  world: world
  x: 4725.519312473093
  y: 67.0
  z: 4912.668775648723
  yaw: 118.23935
  pitch: 24.90095
