lastAccountName: MrPatro25
timestamps:
  login: 1606061921410
  logout: 1606066180920
ipAddress: 10.1.76.1
logoutlocation:
  world: world
  x: 4715.891876110258
  y: 67.0
  z: 4912.7759583186025
  yaw: 301.35498
  pitch: 11.100009
lastlocation:
  world: world
  x: 4913.699999988079
  y: 64.0
  z: 4905.699999988079
  yaw: 310.15164
  pitch: 22.35001
