lastAccountName: MrPatro25
timestamps:
  login: 1606604994743
  logout: 1606605036624
ipAddress: 10.1.76.1
logoutlocation:
  world: world
  x: 4634.300000011921
  y: 59.0
  z: 4925.635220101204
  yaw: 230.15718
  pitch: 4.2000065
lastlocation:
  world: world
  x: 4725.519312473093
  y: 67.0
  z: 4912.668775648723
  yaw: 118.23935
  pitch: 24.90095
