lastAccountName: MrPatro25
timestamps:
  login: 1606000775200
  logout: 1606001111831
ipAddress: 10.1.76.1
lastlocation:
  world: world
  x: -184.10400393361314
  y: 62.62480669422966
  z: -171.40068247645647
  yaw: 174.15
  pitch: -6.45002
