lastAccountName: MrPatro25
timestamps:
  login: 1606168823072
  logout: 1606172816991
ipAddress: 10.1.76.1
logoutlocation:
  world: world
  x: 4721.001209401522
  y: 67.0
  z: 4913.372280310562
  yaw: 90.002075
  pitch: 24.90017
lastlocation:
  world: world
  x: 4725.519312473093
  y: 67.0
  z: 4912.668775648723
  yaw: 118.23935
  pitch: 24.90095
