lastAccountName: MrPatro25
timestamps:
  login: 1606520066939
  logout: 1606520187029
ipAddress: 10.1.76.1
logoutlocation:
  world: world
  x: 4733.067891913532
  y: 63.0
  z: 4928.688355480246
  yaw: 250.22708
  pitch: 17.55018
lastlocation:
  world: world
  x: 4725.519312473093
  y: 67.0
  z: 4912.668775648723
  yaw: 118.23935
  pitch: 24.90095
