lastAccountName: MrPatro25
timestamps:
  login: 1606001773174
  logout: 1606002328678
ipAddress: 10.1.76.1
lastlocation:
  world: world
  x: -201.12927910349728
  y: 16.0
  z: -183.5273733663044
  yaw: 93.749756
  pitch: 48.749977
