lastAccountName: magictunneler
timestamps:
  login: 1606050606863
  logout: 1606050699645
ipAddress: 10.1.76.1
logoutlocation:
  world: world
  x: 4970.154618128945
  y: 58.033990105250524
  z: 5028.247404211669
  yaw: 35.251713
  pitch: -43.05002
