lastAccountName: kay_car
timestamps:
  login: 1606347881613
  logout: 1606350576527
ipAddress: 10.1.76.1
logoutlocation:
  world: world
  x: 744.9043541810296
  y: 84.0
  z: 800.0822520789692
  yaw: 89.07959
  pitch: 21.601486
lastlocation:
  world: world
  x: 4797.063962154236
  y: 81.5625
  z: 4800.8719380723805
  yaw: 281.09888
  pitch: 42.450016
