lastAccountName: kay_car
timestamps:
  login: 1606071765337
  logout: 1606071825782
ipAddress: 10.1.76.1
logoutlocation:
  world: world
  x: 734.6670519112923
  y: 84.0
  z: 800.8649550779899
  yaw: 47.696053
  pitch: 16.80058
lastlocation:
  world: world
  x: 737.5914496302987
  y: 84.0
  z: 797.7404746766647
  yaw: 226.04674
  pitch: 4.500585
