lastAccountName: kay_car
timestamps:
  login: 1606496646169
  logout: 1606498056813
ipAddress: 10.1.76.1
logoutlocation:
  world: world
  x: 738.6403393099571
  y: 84.0
  z: 798.7727361714946
  yaw: 75.17996
  pitch: 6.599413
lastlocation:
  world: world
  x: 739.4945571726171
  y: 84.0
  z: 803.161912540303
  yaw: 23.227356
  pitch: -18.298288
