lastAccountName: kay_car
timestamps:
  login: 1606400074452
  logout: 1606400909122
ipAddress: 10.1.76.1
logoutlocation:
  world: world
  x: 738.7603390154044
  y: 84.0
  z: 798.085627135414
  yaw: 93.58789
  pitch: 10.20111
lastlocation:
  world: world
  x: 739.4945571726171
  y: 84.0
  z: 803.161912540303
  yaw: 23.227356
  pitch: -18.298288
