lastAccountName: kay_car
timestamps:
  login: 1606606479842
  logout: 1606607098237
ipAddress: 10.1.76.1
logoutlocation:
  world: world
  x: 737.4099956500751
  y: 84.0
  z: 799.0349668586575
  yaw: -318.28094
  pitch: 26.398949
lastlocation:
  world: world
  x: 739.4945571726171
  y: 84.0
  z: 803.161912540303
  yaw: 23.227356
  pitch: -18.298288
