lastAccountName: kay_car
timestamps:
  login: 1606141982969
  logout: 1606142386197
ipAddress: 10.1.76.1
logoutlocation:
  world: world
  x: 733.731286460446
  y: 84.0
  z: 800.4201009119188
  yaw: 29.248169
  pitch: 13.049218
