lastAccountName: ArhumISpro
timestamps:
  login: 1606290479952
  logout: 1606290764287
ipAddress: 10.1.76.1
logoutlocation:
  world: world
  x: 4976.365218437889
  y: 63.12859019838832
  z: 5031.967176282725
  yaw: 175.94948
  pitch: 58.050083
