lastAccountName: ArhumISpro
timestamps:
  login: 1606371498745
  logout: 1606373079871
ipAddress: 10.1.76.1
logoutlocation:
  world: world
  x: 4795.76253582408
  y: 95.5
  z: 4803.948601902274
  yaw: 196.65002
  pitch: 73.35002
