lastAccountName: ArhumISpro
timestamps:
  login: 1606713277413
  logout: 1606715780103
ipAddress: 10.1.76.1
logoutlocation:
  world: world
  x: 4542.437726929877
  y: 71.0
  z: 4795.61566370125
  yaw: -68.10023
  pitch: 30.149958
