lastAccountName: Quasarium
timestamps:
  login: 1606532275177
  logout: 1606532974578
ipAddress: 10.1.76.1
logoutlocation:
  world: world
  x: 5113.21030761989
  y: 82.0
  z: 5035.1324633296945
  yaw: -8.723326
  pitch: 22.649824
