main:
  ==: org.bukkit.Location
  world: world
  x: 5176.934617685171
  y: 68.0
  z: 4730.377375951481
  pitch: 40.49993
  yaw: -298.79752
