lastAccountName: Original_Auburn
timestamps:
  login: 1606534381312
  logout: 1606534412210
ipAddress: 10.1.76.1
logoutlocation:
  world: world
  x: 4457.244150769098
  y: 76.0
  z: 4887.888915429246
  yaw: 167.51495
  pitch: 13.800109
lastlocation:
  world: world
  x: 4269.46898653117
  y: 68.0
  z: 5010.413571352626
  yaw: -191.44145
  pitch: -0.75004214
